ncols         83
nrows         53
xllcorner     0.0
yllcorner     0.0
cellsize      1
NODATA_value  -9999
952.5625 952.5625 952.5625 952.5625 952.5625 952.5625 952.5625 952.5625 952.5625 952.5625 952.5625 952.5625 952.5625 952.5625 962.2813 962.2813 962.2813 962.2813 962.2813 962.2813 962.2813 962.2813 962.2813 962.2813 962.2813 962.2813 962.2813 986.6719 986.6719 986.6719 986.6719 986.6719 986.6719 986.6719 986.6719 986.6719 986.6719 986.6719 986.6719 986.6719 986.6719 927.8438 927.8438 927.8438 927.8438 927.8438 927.8438 927.8438 927.8438 927.8438 927.8438 927.8438 927.8438 927.8438 906.0469 906.0469 906.0469 906.0469 906.0469 906.0469 906.0469 906.0469 906.0469 906.0469 906.0469 906.0469 906.0469 898.3281 898.3281 898.3281 898.3281 898.3281 898.3281 898.3281 898.3281 898.3281 898.3281 898.3281 898.3281 898.3281 898.3281 850.1875 850.1875 
952.5625 952.5625 952.5625 952.5625 952.5625 952.5625 952.5625 952.5625 952.5625 952.5625 952.5625 952.5625 952.5625 952.5625 962.2813 962.2813 962.2813 962.2813 962.2813 962.2813 962.2813 962.2813 962.2813 962.2813 962.2813 962.2813 962.2813 986.6719 986.6719 986.6719 986.6719 986.6719 986.6719 986.6719 986.6719 986.6719 986.6719 986.6719 986.6719 986.6719 986.6719 927.8438 927.8438 927.8438 927.8438 927.8438 927.8438 927.8438 927.8438 927.8438 927.8438 927.8438 927.8438 927.8438 906.0469 906.0469 906.0469 906.0469 906.0469 906.0469 906.0469 906.0469 906.0469 906.0469 906.0469 906.0469 906.0469 898.3281 898.3281 898.3281 898.3281 898.3281 898.3281 898.3281 898.3281 898.3281 898.3281 898.3281 898.3281 898.3281 898.3281 850.1875 850.1875 
952.5625 952.5625 952.5625 952.5625 952.5625 952.5625 952.5625 952.5625 952.5625 952.5625 952.5625 952.5625 952.5625 952.5625 962.2813 962.2813 962.2813 962.2813 962.2813 962.2813 962.2813 962.2813 962.2813 962.2813 962.2813 962.2813 962.2813 986.6719 986.6719 986.6719 986.6719 986.6719 986.6719 986.6719 986.6719 986.6719 986.6719 986.6719 986.6719 986.6719 986.6719 927.8438 927.8438 927.8438 927.8438 927.8438 927.8438 927.8438 927.8438 927.8438 927.8438 927.8438 927.8438 927.8438 906.0469 906.0469 906.0469 906.0469 906.0469 906.0469 906.0469 906.0469 906.0469 906.0469 906.0469 906.0469 906.0469 898.3281 898.3281 898.3281 898.3281 898.3281 898.3281 898.3281 898.3281 898.3281 898.3281 898.3281 898.3281 898.3281 898.3281 850.1875 850.1875 
952.5625 952.5625 952.5625 952.5625 952.5625 952.5625 952.5625 952.5625 952.5625 952.5625 952.5625 952.5625 952.5625 952.5625 962.2813 962.2813 962.2813 962.2813 962.2813 962.2813 962.2813 962.2813 962.2813 962.2813 962.2813 962.2813 962.2813 986.6719 986.6719 986.6719 986.6719 986.6719 986.6719 986.6719 986.6719 986.6719 986.6719 986.6719 986.6719 986.6719 986.6719 927.8438 927.8438 927.8438 927.8438 927.8438 927.8438 927.8438 927.8438 927.8438 927.8438 927.8438 927.8438 927.8438 906.0469 906.0469 906.0469 906.0469 906.0469 906.0469 906.0469 906.0469 906.0469 906.0469 906.0469 906.0469 906.0469 898.3281 898.3281 898.3281 898.3281 898.3281 898.3281 898.3281 898.3281 898.3281 898.3281 898.3281 898.3281 898.3281 898.3281 850.1875 850.1875 
952.5625 952.5625 952.5625 952.5625 952.5625 952.5625 952.5625 952.5625 952.5625 952.5625 952.5625 952.5625 952.5625 952.5625 962.2813 962.2813 962.2813 962.2813 962.2813 962.2813 962.2813 962.2813 962.2813 962.2813 962.2813 962.2813 962.2813 986.6719 986.6719 986.6719 986.6719 986.6719 986.6719 986.6719 986.6719 986.6719 986.6719 986.6719 986.6719 986.6719 986.6719 927.8438 927.8438 927.8438 927.8438 927.8438 927.8438 927.8438 927.8438 927.8438 927.8438 927.8438 927.8438 927.8438 906.0469 906.0469 906.0469 906.0469 906.0469 906.0469 906.0469 906.0469 906.0469 906.0469 906.0469 906.0469 906.0469 898.3281 898.3281 898.3281 898.3281 898.3281 898.3281 898.3281 898.3281 898.3281 898.3281 898.3281 898.3281 898.3281 898.3281 850.1875 850.1875 
952.5625 952.5625 952.5625 952.5625 952.5625 952.5625 952.5625 952.5625 952.5625 952.5625 952.5625 952.5625 952.5625 952.5625 962.2813 962.2813 962.2813 962.2813 962.2813 962.2813 962.2813 962.2813 962.2813 962.2813 962.2813 962.2813 962.2813 986.6719 986.6719 986.6719 986.6719 986.6719 986.6719 986.6719 986.6719 986.6719 986.6719 986.6719 986.6719 986.6719 986.6719 927.8438 927.8438 927.8438 927.8438 927.8438 927.8438 927.8438 927.8438 927.8438 927.8438 927.8438 927.8438 927.8438 906.0469 906.0469 906.0469 906.0469 906.0469 906.0469 906.0469 906.0469 906.0469 906.0469 906.0469 906.0469 906.0469 898.3281 898.3281 898.3281 898.3281 898.3281 898.3281 898.3281 898.3281 898.3281 898.3281 898.3281 898.3281 898.3281 898.3281 850.1875 850.1875 
952.5625 952.5625 952.5625 952.5625 952.5625 952.5625 952.5625 952.5625 952.5625 952.5625 952.5625 952.5625 952.5625 952.5625 962.2813 962.2813 962.2813 962.2813 962.2813 962.2813 962.2813 962.2813 962.2813 962.2813 962.2813 962.2813 962.2813 986.6719 986.6719 986.6719 986.6719 986.6719 986.6719 986.6719 986.6719 986.6719 986.6719 986.6719 986.6719 986.6719 986.6719 927.8438 927.8438 927.8438 927.8438 927.8438 927.8438 927.8438 927.8438 927.8438 927.8438 927.8438 927.8438 927.8438 906.0469 906.0469 906.0469 906.0469 906.0469 906.0469 906.0469 906.0469 906.0469 906.0469 906.0469 906.0469 906.0469 898.3281 898.3281 898.3281 898.3281 898.3281 898.3281 898.3281 898.3281 898.3281 898.3281 898.3281 898.3281 898.3281 898.3281 850.1875 850.1875 
952.5625 952.5625 952.5625 952.5625 952.5625 952.5625 952.5625 952.5625 952.5625 952.5625 952.5625 952.5625 952.5625 952.5625 962.2813 962.2813 962.2813 962.2813 962.2813 962.2813 962.2813 962.2813 962.2813 962.2813 962.2813 962.2813 962.2813 986.6719 986.6719 986.6719 986.6719 986.6719 986.6719 986.6719 986.6719 986.6719 986.6719 986.6719 986.6719 986.6719 986.6719 927.8438 927.8438 927.8438 927.8438 927.8438 927.8438 927.8438 927.8438 927.8438 927.8438 927.8438 927.8438 927.8438 906.0469 906.0469 906.0469 906.0469 906.0469 906.0469 906.0469 906.0469 906.0469 906.0469 906.0469 906.0469 906.0469 898.3281 898.3281 898.3281 898.3281 898.3281 898.3281 898.3281 898.3281 898.3281 898.3281 898.3281 898.3281 898.3281 898.3281 850.1875 850.1875 
952.5625 952.5625 952.5625 952.5625 952.5625 952.5625 952.5625 952.5625 952.5625 952.5625 952.5625 952.5625 952.5625 952.5625 962.2813 962.2813 962.2813 962.2813 962.2813 962.2813 962.2813 962.2813 962.2813 962.2813 962.2813 962.2813 962.2813 986.6719 986.6719 986.6719 986.6719 986.6719 986.6719 986.6719 986.6719 986.6719 986.6719 986.6719 986.6719 986.6719 986.6719 927.8438 927.8438 927.8438 927.8438 927.8438 927.8438 927.8438 927.8438 927.8438 927.8438 927.8438 927.8438 927.8438 906.0469 906.0469 906.0469 906.0469 906.0469 906.0469 906.0469 906.0469 906.0469 906.0469 906.0469 906.0469 906.0469 898.3281 898.3281 898.3281 898.3281 898.3281 898.3281 898.3281 898.3281 898.3281 898.3281 898.3281 898.3281 898.3281 898.3281 850.1875 850.1875 
952.5625 952.5625 952.5625 952.5625 952.5625 952.5625 952.5625 952.5625 952.5625 952.5625 952.5625 952.5625 952.5625 952.5625 962.2813 962.2813 962.2813 962.2813 962.2813 962.2813 962.2813 962.2813 962.2813 962.2813 962.2813 962.2813 962.2813 986.6719 986.6719 986.6719 986.6719 986.6719 986.6719 986.6719 986.6719 986.6719 986.6719 986.6719 986.6719 986.6719 986.6719 927.8438 927.8438 927.8438 927.8438 927.8438 927.8438 927.8438 927.8438 927.8438 927.8438 927.8438 927.8438 927.8438 906.0469 906.0469 906.0469 906.0469 906.0469 906.0469 906.0469 906.0469 906.0469 906.0469 906.0469 906.0469 906.0469 898.3281 898.3281 898.3281 898.3281 898.3281 898.3281 898.3281 898.3281 898.3281 898.3281 898.3281 898.3281 898.3281 898.3281 850.1875 850.1875 
952.5625 952.5625 952.5625 952.5625 952.5625 952.5625 952.5625 952.5625 952.5625 952.5625 952.5625 952.5625 952.5625 952.5625 962.2813 962.2813 962.2813 962.2813 962.2813 962.2813 962.2813 962.2813 962.2813 962.2813 962.2813 962.2813 962.2813 986.6719 986.6719 986.6719 986.6719 986.6719 986.6719 986.6719 986.6719 986.6719 986.6719 986.6719 986.6719 986.6719 986.6719 927.8438 927.8438 927.8438 927.8438 927.8438 927.8438 927.8438 927.8438 927.8438 927.8438 927.8438 927.8438 927.8438 906.0469 906.0469 906.0469 906.0469 906.0469 906.0469 906.0469 906.0469 906.0469 906.0469 906.0469 906.0469 906.0469 898.3281 898.3281 898.3281 898.3281 898.3281 898.3281 898.3281 898.3281 898.3281 898.3281 898.3281 898.3281 898.3281 898.3281 850.1875 850.1875 
952.5625 952.5625 952.5625 952.5625 952.5625 952.5625 952.5625 952.5625 952.5625 952.5625 952.5625 952.5625 952.5625 952.5625 962.2813 962.2813 962.2813 962.2813 962.2813 962.2813 962.2813 962.2813 962.2813 962.2813 962.2813 962.2813 962.2813 986.6719 986.6719 986.6719 986.6719 986.6719 986.6719 986.6719 986.6719 986.6719 986.6719 986.6719 986.6719 986.6719 986.6719 927.8438 927.8438 927.8438 927.8438 927.8438 927.8438 927.8438 927.8438 927.8438 927.8438 927.8438 927.8438 927.8438 906.0469 906.0469 906.0469 906.0469 906.0469 906.0469 906.0469 906.0469 906.0469 906.0469 906.0469 906.0469 906.0469 898.3281 898.3281 898.3281 898.3281 898.3281 898.3281 898.3281 898.3281 898.3281 898.3281 898.3281 898.3281 898.3281 898.3281 850.1875 850.1875 
952.5625 952.5625 952.5625 952.5625 952.5625 952.5625 952.5625 952.5625 952.5625 952.5625 952.5625 952.5625 952.5625 952.5625 962.2813 962.2813 962.2813 962.2813 962.2813 962.2813 962.2813 962.2813 962.2813 962.2813 962.2813 962.2813 962.2813 986.6719 986.6719 986.6719 986.6719 986.6719 986.6719 986.6719 986.6719 986.6719 986.6719 986.6719 986.6719 986.6719 986.6719 927.8438 927.8438 927.8438 927.8438 927.8438 927.8438 927.8438 927.8438 927.8438 927.8438 927.8438 927.8438 927.8438 906.0469 906.0469 906.0469 906.0469 906.0469 906.0469 906.0469 906.0469 906.0469 906.0469 906.0469 906.0469 906.0469 898.3281 898.3281 898.3281 898.3281 898.3281 898.3281 898.3281 898.3281 898.3281 898.3281 898.3281 898.3281 898.3281 898.3281 850.1875 850.1875 
952.5625 952.5625 952.5625 952.5625 952.5625 952.5625 952.5625 952.5625 952.5625 952.5625 952.5625 952.5625 952.5625 952.5625 962.2813 962.2813 962.2813 962.2813 962.2813 962.2813 962.2813 962.2813 962.2813 962.2813 962.2813 962.2813 962.2813 986.6719 986.6719 986.6719 986.6719 986.6719 986.6719 986.6719 986.6719 986.6719 986.6719 986.6719 986.6719 986.6719 986.6719 927.8438 927.8438 927.8438 927.8438 927.8438 927.8438 927.8438 927.8438 927.8438 927.8438 927.8438 927.8438 927.8438 906.0469 906.0469 906.0469 906.0469 906.0469 906.0469 906.0469 906.0469 906.0469 906.0469 906.0469 906.0469 906.0469 898.3281 898.3281 898.3281 898.3281 898.3281 898.3281 898.3281 898.3281 898.3281 898.3281 898.3281 898.3281 898.3281 898.3281 850.1875 850.1875 
952.5625 952.5625 952.5625 952.5625 952.5625 952.5625 952.5625 952.5625 952.5625 952.5625 952.5625 952.5625 952.5625 952.5625 962.2813 962.2813 962.2813 962.2813 962.2813 962.2813 962.2813 962.2813 962.2813 962.2813 962.2813 962.2813 962.2813 986.6719 986.6719 986.6719 986.6719 986.6719 986.6719 986.6719 986.6719 986.6719 986.6719 986.6719 986.6719 986.6719 986.6719 927.8438 927.8438 927.8438 927.8438 927.8438 927.8438 927.8438 927.8438 927.8438 927.8438 927.8438 927.8438 927.8438 906.0469 906.0469 906.0469 906.0469 906.0469 906.0469 906.0469 906.0469 906.0469 906.0469 906.0469 906.0469 906.0469 898.3281 898.3281 898.3281 898.3281 898.3281 898.3281 898.3281 898.3281 898.3281 898.3281 898.3281 898.3281 898.3281 898.3281 850.1875 850.1875 
952.5625 952.5625 952.5625 952.5625 952.5625 952.5625 952.5625 952.5625 952.5625 952.5625 952.5625 952.5625 952.5625 952.5625 962.2813 962.2813 962.2813 962.2813 962.2813 962.2813 962.2813 962.2813 962.2813 962.2813 962.2813 962.2813 962.2813 986.6719 986.6719 986.6719 986.6719 986.6719 986.6719 986.6719 986.6719 986.6719 986.6719 986.6719 986.6719 986.6719 986.6719 927.8438 927.8438 927.8438 927.8438 927.8438 927.8438 927.8438 927.8438 927.8438 927.8438 927.8438 927.8438 927.8438 906.0469 906.0469 906.0469 906.0469 906.0469 906.0469 906.0469 906.0469 906.0469 906.0469 906.0469 906.0469 906.0469 898.3281 898.3281 898.3281 898.3281 898.3281 898.3281 898.3281 898.3281 898.3281 898.3281 898.3281 898.3281 898.3281 898.3281 850.1875 850.1875 
952.5625 952.5625 952.5625 952.5625 952.5625 952.5625 952.5625 952.5625 952.5625 952.5625 952.5625 952.5625 952.5625 952.5625 962.2813 962.2813 962.2813 962.2813 962.2813 962.2813 962.2813 962.2813 962.2813 962.2813 962.2813 962.2813 962.2813 986.6719 986.6719 986.6719 986.6719 986.6719 986.6719 986.6719 986.6719 986.6719 986.6719 986.6719 986.6719 986.6719 986.6719 927.8438 927.8438 927.8438 927.8438 927.8438 927.8438 927.8438 927.8438 927.8438 927.8438 927.8438 927.8438 927.8438 906.0469 906.0469 906.0469 906.0469 906.0469 906.0469 906.0469 906.0469 906.0469 906.0469 906.0469 906.0469 906.0469 898.3281 898.3281 898.3281 898.3281 898.3281 898.3281 898.3281 898.3281 898.3281 898.3281 898.3281 898.3281 898.3281 898.3281 850.1875 850.1875 
952.5625 952.5625 952.5625 952.5625 952.5625 952.5625 952.5625 952.5625 952.5625 952.5625 952.5625 952.5625 952.5625 952.5625 962.2813 962.2813 962.2813 962.2813 962.2813 962.2813 962.2813 962.2813 962.2813 962.2813 962.2813 962.2813 962.2813 986.6719 986.6719 986.6719 986.6719 986.6719 986.6719 986.6719 986.6719 986.6719 986.6719 986.6719 986.6719 986.6719 986.6719 927.8438 927.8438 927.8438 927.8438 927.8438 927.8438 927.8438 927.8438 927.8438 927.8438 927.8438 927.8438 927.8438 906.0469 906.0469 906.0469 906.0469 906.0469 906.0469 906.0469 906.0469 906.0469 906.0469 906.0469 906.0469 906.0469 898.3281 898.3281 898.3281 898.3281 898.3281 898.3281 898.3281 898.3281 898.3281 898.3281 898.3281 898.3281 898.3281 898.3281 850.1875 850.1875 
952.5625 952.5625 952.5625 952.5625 952.5625 952.5625 952.5625 952.5625 952.5625 952.5625 952.5625 952.5625 952.5625 952.5625 962.2813 962.2813 962.2813 962.2813 962.2813 962.2813 962.2813 962.2813 962.2813 962.2813 962.2813 962.2813 962.2813 986.6719 986.6719 986.6719 986.6719 986.6719 986.6719 986.6719 986.6719 986.6719 986.6719 986.6719 986.6719 986.6719 986.6719 927.8438 927.8438 927.8438 927.8438 927.8438 927.8438 927.8438 927.8438 927.8438 927.8438 927.8438 927.8438 927.8438 906.0469 906.0469 906.0469 906.0469 906.0469 906.0469 906.0469 906.0469 906.0469 906.0469 906.0469 906.0469 906.0469 898.3281 898.3281 898.3281 898.3281 898.3281 898.3281 898.3281 898.3281 898.3281 898.3281 898.3281 898.3281 898.3281 898.3281 850.1875 850.1875 
952.5625 952.5625 952.5625 952.5625 952.5625 952.5625 952.5625 952.5625 952.5625 952.5625 952.5625 952.5625 952.5625 952.5625 962.2813 962.2813 962.2813 962.2813 962.2813 962.2813 962.2813 962.2813 962.2813 962.2813 962.2813 962.2813 962.2813 986.6719 986.6719 986.6719 986.6719 986.6719 986.6719 986.6719 986.6719 986.6719 986.6719 986.6719 986.6719 986.6719 986.6719 927.8438 927.8438 927.8438 927.8438 927.8438 927.8438 927.8438 927.8438 927.8438 927.8438 927.8438 927.8438 927.8438 906.0469 906.0469 906.0469 906.0469 906.0469 906.0469 906.0469 906.0469 906.0469 906.0469 906.0469 906.0469 906.0469 898.3281 898.3281 898.3281 898.3281 898.3281 898.3281 898.3281 898.3281 898.3281 898.3281 898.3281 898.3281 898.3281 898.3281 850.1875 850.1875 
952.5625 952.5625 952.5625 952.5625 952.5625 952.5625 952.5625 952.5625 952.5625 952.5625 952.5625 952.5625 952.5625 952.5625 962.2813 962.2813 962.2813 962.2813 962.2813 962.2813 962.2813 962.2813 962.2813 962.2813 962.2813 962.2813 962.2813 986.6719 986.6719 986.6719 986.6719 986.6719 986.6719 986.6719 986.6719 986.6719 986.6719 986.6719 986.6719 986.6719 986.6719 927.8438 927.8438 927.8438 927.8438 927.8438 927.8438 927.8438 927.8438 927.8438 927.8438 927.8438 927.8438 927.8438 906.0469 906.0469 906.0469 906.0469 906.0469 906.0469 906.0469 906.0469 906.0469 906.0469 906.0469 906.0469 906.0469 898.3281 898.3281 898.3281 898.3281 898.3281 898.3281 898.3281 898.3281 898.3281 898.3281 898.3281 898.3281 898.3281 898.3281 850.1875 850.1875 
952.5625 952.5625 952.5625 952.5625 952.5625 952.5625 952.5625 952.5625 952.5625 952.5625 952.5625 952.5625 952.5625 952.5625 962.2813 962.2813 962.2813 962.2813 962.2813 962.2813 962.2813 962.2813 962.2813 962.2813 962.2813 962.2813 962.2813 986.6719 986.6719 986.6719 986.6719 986.6719 986.6719 986.6719 986.6719 986.6719 986.6719 986.6719 986.6719 986.6719 986.6719 927.8438 927.8438 927.8438 927.8438 927.8438 927.8438 927.8438 927.8438 927.8438 927.8438 927.8438 927.8438 927.8438 906.0469 906.0469 906.0469 906.0469 906.0469 906.0469 906.0469 906.0469 906.0469 906.0469 906.0469 906.0469 906.0469 898.3281 898.3281 898.3281 898.3281 898.3281 898.3281 898.3281 898.3281 898.3281 898.3281 898.3281 898.3281 898.3281 898.3281 850.1875 850.1875 
952.5625 952.5625 952.5625 952.5625 952.5625 952.5625 952.5625 952.5625 952.5625 952.5625 952.5625 952.5625 952.5625 952.5625 962.2813 962.2813 962.2813 962.2813 962.2813 962.2813 962.2813 962.2813 962.2813 962.2813 962.2813 962.2813 962.2813 986.6719 986.6719 986.6719 986.6719 986.6719 986.6719 986.6719 986.6719 986.6719 986.6719 986.6719 986.6719 986.6719 986.6719 927.8438 927.8438 927.8438 927.8438 927.8438 927.8438 927.8438 927.8438 927.8438 927.8438 927.8438 927.8438 927.8438 906.0469 906.0469 906.0469 906.0469 906.0469 906.0469 906.0469 906.0469 906.0469 906.0469 906.0469 906.0469 906.0469 898.3281 898.3281 898.3281 898.3281 898.3281 898.3281 898.3281 898.3281 898.3281 898.3281 898.3281 898.3281 898.3281 898.3281 850.1875 850.1875 
952.5625 952.5625 952.5625 952.5625 952.5625 952.5625 952.5625 952.5625 952.5625 952.5625 952.5625 952.5625 952.5625 952.5625 962.2813 962.2813 962.2813 962.2813 962.2813 962.2813 962.2813 962.2813 962.2813 962.2813 962.2813 962.2813 962.2813 986.6719 986.6719 986.6719 986.6719 986.6719 986.6719 986.6719 986.6719 986.6719 986.6719 986.6719 986.6719 986.6719 986.6719 927.8438 927.8438 927.8438 927.8438 927.8438 927.8438 927.8438 927.8438 927.8438 927.8438 927.8438 927.8438 927.8438 906.0469 906.0469 906.0469 906.0469 906.0469 906.0469 906.0469 906.0469 906.0469 906.0469 906.0469 906.0469 906.0469 898.3281 898.3281 898.3281 898.3281 898.3281 898.3281 898.3281 898.3281 898.3281 898.3281 898.3281 898.3281 898.3281 898.3281 850.1875 850.1875 
952.5625 952.5625 952.5625 952.5625 952.5625 952.5625 952.5625 952.5625 952.5625 952.5625 952.5625 952.5625 952.5625 952.5625 962.2813 962.2813 962.2813 962.2813 962.2813 962.2813 962.2813 962.2813 962.2813 962.2813 962.2813 962.2813 962.2813 986.6719 986.6719 986.6719 986.6719 986.6719 986.6719 986.6719 986.6719 986.6719 986.6719 986.6719 986.6719 986.6719 986.6719 927.8438 927.8438 927.8438 927.8438 927.8438 927.8438 927.8438 927.8438 927.8438 927.8438 927.8438 927.8438 927.8438 906.0469 906.0469 906.0469 906.0469 906.0469 906.0469 906.0469 906.0469 906.0469 906.0469 906.0469 906.0469 906.0469 898.3281 898.3281 898.3281 898.3281 898.3281 898.3281 898.3281 898.3281 898.3281 898.3281 898.3281 898.3281 898.3281 898.3281 850.1875 850.1875 
1033.25 1033.25 1033.25 1033.25 1033.25 1033.25 1033.25 1033.25 1033.25 1033.25 1033.25 1033.25 1033.25 1033.25 1022.047 1022.047 1022.047 1022.047 1022.047 1022.047 1022.047 1022.047 1022.047 1022.047 1022.047 1022.047 1022.047 1014.656 1014.656 1014.656 1014.656 1014.656 1014.656 1014.656 1014.656 1014.656 1014.656 1014.656 1014.656 1014.656 1014.656 931.2656 931.2656 931.2656 931.2656 931.2656 931.2656 931.2656 931.2656 931.2656 931.2656 931.2656 931.2656 931.2656 910.7031 910.7031 910.7031 910.7031 910.7031 910.7031 910.7031 910.7031 910.7031 910.7031 910.7031 910.7031 910.7031 811.7188 811.7188 811.7188 811.7188 811.7188 811.7188 811.7188 811.7188 811.7188 811.7188 811.7188 811.7188 811.7188 811.7188 794.9531 794.9531 
1033.25 1033.25 1033.25 1033.25 1033.25 1033.25 1033.25 1033.25 1033.25 1033.25 1033.25 1033.25 1033.25 1033.25 1022.047 1022.047 1022.047 1022.047 1022.047 1022.047 1022.047 1022.047 1022.047 1022.047 1022.047 1022.047 1022.047 1014.656 1014.656 1014.656 1014.656 1014.656 1014.656 1014.656 1014.656 1014.656 1014.656 1014.656 1014.656 1014.656 1014.656 931.2656 931.2656 931.2656 931.2656 931.2656 931.2656 931.2656 931.2656 931.2656 931.2656 931.2656 931.2656 931.2656 910.7031 910.7031 910.7031 910.7031 910.7031 910.7031 910.7031 910.7031 910.7031 910.7031 910.7031 910.7031 910.7031 811.7188 811.7188 811.7188 811.7188 811.7188 811.7188 811.7188 811.7188 811.7188 811.7188 811.7188 811.7188 811.7188 811.7188 794.9531 794.9531 
1033.25 1033.25 1033.25 1033.25 1033.25 1033.25 1033.25 1033.25 1033.25 1033.25 1033.25 1033.25 1033.25 1033.25 1022.047 1022.047 1022.047 1022.047 1022.047 1022.047 1022.047 1022.047 1022.047 1022.047 1022.047 1022.047 1022.047 1014.656 1014.656 1014.656 1014.656 1014.656 1014.656 1014.656 1014.656 1014.656 1014.656 1014.656 1014.656 1014.656 1014.656 931.2656 931.2656 931.2656 931.2656 931.2656 931.2656 931.2656 931.2656 931.2656 931.2656 931.2656 931.2656 931.2656 910.7031 910.7031 910.7031 910.7031 910.7031 910.7031 910.7031 910.7031 910.7031 910.7031 910.7031 910.7031 910.7031 811.7188 811.7188 811.7188 811.7188 811.7188 811.7188 811.7188 811.7188 811.7188 811.7188 811.7188 811.7188 811.7188 811.7188 794.9531 794.9531 
1033.25 1033.25 1033.25 1033.25 1033.25 1033.25 1033.25 1033.25 1033.25 1033.25 1033.25 1033.25 1033.25 1033.25 1022.047 1022.047 1022.047 1022.047 1022.047 1022.047 1022.047 1022.047 1022.047 1022.047 1022.047 1022.047 1022.047 1014.656 1014.656 1014.656 1014.656 1014.656 1014.656 1014.656 1014.656 1014.656 1014.656 1014.656 1014.656 1014.656 1014.656 931.2656 931.2656 931.2656 931.2656 931.2656 931.2656 931.2656 931.2656 931.2656 931.2656 931.2656 931.2656 931.2656 910.7031 910.7031 910.7031 910.7031 910.7031 910.7031 910.7031 910.7031 910.7031 910.7031 910.7031 910.7031 910.7031 811.7188 811.7188 811.7188 811.7188 811.7188 811.7188 811.7188 811.7188 811.7188 811.7188 811.7188 811.7188 811.7188 811.7188 794.9531 794.9531 
1033.25 1033.25 1033.25 1033.25 1033.25 1033.25 1033.25 1033.25 1033.25 1033.25 1033.25 1033.25 1033.25 1033.25 1022.047 1022.047 1022.047 1022.047 1022.047 1022.047 1022.047 1022.047 1022.047 1022.047 1022.047 1022.047 1022.047 1014.656 1014.656 1014.656 1014.656 1014.656 1014.656 1014.656 1014.656 1014.656 1014.656 1014.656 1014.656 1014.656 1014.656 931.2656 931.2656 931.2656 931.2656 931.2656 931.2656 931.2656 931.2656 931.2656 931.2656 931.2656 931.2656 931.2656 910.7031 910.7031 910.7031 910.7031 910.7031 910.7031 910.7031 910.7031 910.7031 910.7031 910.7031 910.7031 910.7031 811.7188 811.7188 811.7188 811.7188 811.7188 811.7188 811.7188 811.7188 811.7188 811.7188 811.7188 811.7188 811.7188 811.7188 794.9531 794.9531 
1033.25 1033.25 1033.25 1033.25 1033.25 1033.25 1033.25 1033.25 1033.25 1033.25 1033.25 1033.25 1033.25 1033.25 1022.047 1022.047 1022.047 1022.047 1022.047 1022.047 1022.047 1022.047 1022.047 1022.047 1022.047 1022.047 1022.047 1014.656 1014.656 1014.656 1014.656 1014.656 1014.656 1014.656 1014.656 1014.656 1014.656 1014.656 1014.656 1014.656 1014.656 931.2656 931.2656 931.2656 931.2656 931.2656 931.2656 931.2656 931.2656 931.2656 931.2656 931.2656 931.2656 931.2656 910.7031 910.7031 910.7031 910.7031 910.7031 910.7031 910.7031 910.7031 910.7031 910.7031 910.7031 910.7031 910.7031 811.7188 811.7188 811.7188 811.7188 811.7188 811.7188 811.7188 811.7188 811.7188 811.7188 811.7188 811.7188 811.7188 811.7188 794.9531 794.9531 
1033.25 1033.25 1033.25 1033.25 1033.25 1033.25 1033.25 1033.25 1033.25 1033.25 1033.25 1033.25 1033.25 1033.25 1022.047 1022.047 1022.047 1022.047 1022.047 1022.047 1022.047 1022.047 1022.047 1022.047 1022.047 1022.047 1022.047 1014.656 1014.656 1014.656 1014.656 1014.656 1014.656 1014.656 1014.656 1014.656 1014.656 1014.656 1014.656 1014.656 1014.656 931.2656 931.2656 931.2656 931.2656 931.2656 931.2656 931.2656 931.2656 931.2656 931.2656 931.2656 931.2656 931.2656 910.7031 910.7031 910.7031 910.7031 910.7031 910.7031 910.7031 910.7031 910.7031 910.7031 910.7031 910.7031 910.7031 811.7188 811.7188 811.7188 811.7188 811.7188 811.7188 811.7188 811.7188 811.7188 811.7188 811.7188 811.7188 811.7188 811.7188 794.9531 794.9531 
1033.25 1033.25 1033.25 1033.25 1033.25 1033.25 1033.25 1033.25 1033.25 1033.25 1033.25 1033.25 1033.25 1033.25 1022.047 1022.047 1022.047 1022.047 1022.047 1022.047 1022.047 1022.047 1022.047 1022.047 1022.047 1022.047 1022.047 1014.656 1014.656 1014.656 1014.656 1014.656 1014.656 1014.656 1014.656 1014.656 1014.656 1014.656 1014.656 1014.656 1014.656 931.2656 931.2656 931.2656 931.2656 931.2656 931.2656 931.2656 931.2656 931.2656 931.2656 931.2656 931.2656 931.2656 910.7031 910.7031 910.7031 910.7031 910.7031 910.7031 910.7031 910.7031 910.7031 910.7031 910.7031 910.7031 910.7031 811.7188 811.7188 811.7188 811.7188 811.7188 811.7188 811.7188 811.7188 811.7188 811.7188 811.7188 811.7188 811.7188 811.7188 794.9531 794.9531 
1033.25 1033.25 1033.25 1033.25 1033.25 1033.25 1033.25 1033.25 1033.25 1033.25 1033.25 1033.25 1033.25 1033.25 1022.047 1022.047 1022.047 1022.047 1022.047 1022.047 1022.047 1022.047 1022.047 1022.047 1022.047 1022.047 1022.047 1014.656 1014.656 1014.656 1014.656 1014.656 1014.656 1014.656 1014.656 1014.656 1014.656 1014.656 1014.656 1014.656 1014.656 931.2656 931.2656 931.2656 931.2656 931.2656 931.2656 931.2656 931.2656 931.2656 931.2656 931.2656 931.2656 931.2656 910.7031 910.7031 910.7031 910.7031 910.7031 910.7031 910.7031 910.7031 910.7031 910.7031 910.7031 910.7031 910.7031 811.7188 811.7188 811.7188 811.7188 811.7188 811.7188 811.7188 811.7188 811.7188 811.7188 811.7188 811.7188 811.7188 811.7188 794.9531 794.9531 
1033.25 1033.25 1033.25 1033.25 1033.25 1033.25 1033.25 1033.25 1033.25 1033.25 1033.25 1033.25 1033.25 1033.25 1022.047 1022.047 1022.047 1022.047 1022.047 1022.047 1022.047 1022.047 1022.047 1022.047 1022.047 1022.047 1022.047 1014.656 1014.656 1014.656 1014.656 1014.656 1014.656 1014.656 1014.656 1014.656 1014.656 1014.656 1014.656 1014.656 1014.656 931.2656 931.2656 931.2656 931.2656 931.2656 931.2656 931.2656 931.2656 931.2656 931.2656 931.2656 931.2656 931.2656 910.7031 910.7031 910.7031 910.7031 910.7031 910.7031 910.7031 910.7031 910.7031 910.7031 910.7031 910.7031 910.7031 811.7188 811.7188 811.7188 811.7188 811.7188 811.7188 811.7188 811.7188 811.7188 811.7188 811.7188 811.7188 811.7188 811.7188 794.9531 794.9531 
1033.25 1033.25 1033.25 1033.25 1033.25 1033.25 1033.25 1033.25 1033.25 1033.25 1033.25 1033.25 1033.25 1033.25 1022.047 1022.047 1022.047 1022.047 1022.047 1022.047 1022.047 1022.047 1022.047 1022.047 1022.047 1022.047 1022.047 1014.656 1014.656 1014.656 1014.656 1014.656 1014.656 1014.656 1014.656 1014.656 1014.656 1014.656 1014.656 1014.656 1014.656 931.2656 931.2656 931.2656 931.2656 931.2656 931.2656 931.2656 931.2656 931.2656 931.2656 931.2656 931.2656 931.2656 910.7031 910.7031 910.7031 910.7031 910.7031 910.7031 910.7031 910.7031 910.7031 910.7031 910.7031 910.7031 910.7031 811.7188 811.7188 811.7188 811.7188 811.7188 811.7188 811.7188 811.7188 811.7188 811.7188 811.7188 811.7188 811.7188 811.7188 794.9531 794.9531 
1033.25 1033.25 1033.25 1033.25 1033.25 1033.25 1033.25 1033.25 1033.25 1033.25 1033.25 1033.25 1033.25 1033.25 1022.047 1022.047 1022.047 1022.047 1022.047 1022.047 1022.047 1022.047 1022.047 1022.047 1022.047 1022.047 1022.047 1014.656 1014.656 1014.656 1014.656 1014.656 1014.656 1014.656 1014.656 1014.656 1014.656 1014.656 1014.656 1014.656 1014.656 931.2656 931.2656 931.2656 931.2656 931.2656 931.2656 931.2656 931.2656 931.2656 931.2656 931.2656 931.2656 931.2656 910.7031 910.7031 910.7031 910.7031 910.7031 910.7031 910.7031 910.7031 910.7031 910.7031 910.7031 910.7031 910.7031 811.7188 811.7188 811.7188 811.7188 811.7188 811.7188 811.7188 811.7188 811.7188 811.7188 811.7188 811.7188 811.7188 811.7188 794.9531 794.9531 
1033.25 1033.25 1033.25 1033.25 1033.25 1033.25 1033.25 1033.25 1033.25 1033.25 1033.25 1033.25 1033.25 1033.25 1022.047 1022.047 1022.047 1022.047 1022.047 1022.047 1022.047 1022.047 1022.047 1022.047 1022.047 1022.047 1022.047 1014.656 1014.656 1014.656 1014.656 1014.656 1014.656 1014.656 1014.656 1014.656 1014.656 1014.656 1014.656 1014.656 1014.656 931.2656 931.2656 931.2656 931.2656 931.2656 931.2656 931.2656 931.2656 931.2656 931.2656 931.2656 931.2656 931.2656 910.7031 910.7031 910.7031 910.7031 910.7031 910.7031 910.7031 910.7031 910.7031 910.7031 910.7031 910.7031 910.7031 811.7188 811.7188 811.7188 811.7188 811.7188 811.7188 811.7188 811.7188 811.7188 811.7188 811.7188 811.7188 811.7188 811.7188 794.9531 794.9531 
1274.922 1274.922 1274.922 1274.922 1274.922 1274.922 1274.922 1274.922 1274.922 1274.922 1274.922 1274.922 1274.922 1274.922 1237.875 1237.875 1237.875 1237.875 1237.875 1237.875 1237.875 1237.875 1237.875 1237.875 1237.875 1237.875 1237.875 1091.359 1091.359 1091.359 1091.359 1091.359 1091.359 1091.359 1091.359 1091.359 1091.359 1091.359 1091.359 1091.359 1091.359 971.6406 971.6406 971.6406 971.6406 971.6406 971.6406 971.6406 971.6406 971.6406 971.6406 971.6406 971.6406 971.6406 891.375 891.375 891.375 891.375 891.375 891.375 891.375 891.375 891.375 891.375 891.375 891.375 891.375 791.5313 791.5313 791.5313 791.5313 791.5313 791.5313 791.5313 791.5313 791.5313 791.5313 791.5313 791.5313 791.5313 791.5313 782.6563 782.6563 
1274.922 1274.922 1274.922 1274.922 1274.922 1274.922 1274.922 1274.922 1274.922 1274.922 1274.922 1274.922 1274.922 1274.922 1237.875 1237.875 1237.875 1237.875 1237.875 1237.875 1237.875 1237.875 1237.875 1237.875 1237.875 1237.875 1237.875 1091.359 1091.359 1091.359 1091.359 1091.359 1091.359 1091.359 1091.359 1091.359 1091.359 1091.359 1091.359 1091.359 1091.359 971.6406 971.6406 971.6406 971.6406 971.6406 971.6406 971.6406 971.6406 971.6406 971.6406 971.6406 971.6406 971.6406 891.375 891.375 891.375 891.375 891.375 891.375 891.375 891.375 891.375 891.375 891.375 891.375 891.375 791.5313 791.5313 791.5313 791.5313 791.5313 791.5313 791.5313 791.5313 791.5313 791.5313 791.5313 791.5313 791.5313 791.5313 782.6563 782.6563 
1274.922 1274.922 1274.922 1274.922 1274.922 1274.922 1274.922 1274.922 1274.922 1274.922 1274.922 1274.922 1274.922 1274.922 1237.875 1237.875 1237.875 1237.875 1237.875 1237.875 1237.875 1237.875 1237.875 1237.875 1237.875 1237.875 1237.875 1091.359 1091.359 1091.359 1091.359 1091.359 1091.359 1091.359 1091.359 1091.359 1091.359 1091.359 1091.359 1091.359 1091.359 971.6406 971.6406 971.6406 971.6406 971.6406 971.6406 971.6406 971.6406 971.6406 971.6406 971.6406 971.6406 971.6406 891.375 891.375 891.375 891.375 891.375 891.375 891.375 891.375 891.375 891.375 891.375 891.375 891.375 791.5313 791.5313 791.5313 791.5313 791.5313 791.5313 791.5313 791.5313 791.5313 791.5313 791.5313 791.5313 791.5313 791.5313 782.6563 782.6563 
1274.922 1274.922 1274.922 1274.922 1274.922 1274.922 1274.922 1274.922 1274.922 1274.922 1274.922 1274.922 1274.922 1274.922 1237.875 1237.875 1237.875 1237.875 1237.875 1237.875 1237.875 1237.875 1237.875 1237.875 1237.875 1237.875 1237.875 1091.359 1091.359 1091.359 1091.359 1091.359 1091.359 1091.359 1091.359 1091.359 1091.359 1091.359 1091.359 1091.359 1091.359 971.6406 971.6406 971.6406 971.6406 971.6406 971.6406 971.6406 971.6406 971.6406 971.6406 971.6406 971.6406 971.6406 891.375 891.375 891.375 891.375 891.375 891.375 891.375 891.375 891.375 891.375 891.375 891.375 891.375 791.5313 791.5313 791.5313 791.5313 791.5313 791.5313 791.5313 791.5313 791.5313 791.5313 791.5313 791.5313 791.5313 791.5313 782.6563 782.6563 
1274.922 1274.922 1274.922 1274.922 1274.922 1274.922 1274.922 1274.922 1274.922 1274.922 1274.922 1274.922 1274.922 1274.922 1237.875 1237.875 1237.875 1237.875 1237.875 1237.875 1237.875 1237.875 1237.875 1237.875 1237.875 1237.875 1237.875 1091.359 1091.359 1091.359 1091.359 1091.359 1091.359 1091.359 1091.359 1091.359 1091.359 1091.359 1091.359 1091.359 1091.359 971.6406 971.6406 971.6406 971.6406 971.6406 971.6406 971.6406 971.6406 971.6406 971.6406 971.6406 971.6406 971.6406 891.375 891.375 891.375 891.375 891.375 891.375 891.375 891.375 891.375 891.375 891.375 891.375 891.375 791.5313 791.5313 791.5313 791.5313 791.5313 791.5313 791.5313 791.5313 791.5313 791.5313 791.5313 791.5313 791.5313 791.5313 782.6563 782.6563 
1274.922 1274.922 1274.922 1274.922 1274.922 1274.922 1274.922 1274.922 1274.922 1274.922 1274.922 1274.922 1274.922 1274.922 1237.875 1237.875 1237.875 1237.875 1237.875 1237.875 1237.875 1237.875 1237.875 1237.875 1237.875 1237.875 1237.875 1091.359 1091.359 1091.359 1091.359 1091.359 1091.359 1091.359 1091.359 1091.359 1091.359 1091.359 1091.359 1091.359 1091.359 971.6406 971.6406 971.6406 971.6406 971.6406 971.6406 971.6406 971.6406 971.6406 971.6406 971.6406 971.6406 971.6406 891.375 891.375 891.375 891.375 891.375 891.375 891.375 891.375 891.375 891.375 891.375 891.375 891.375 791.5313 791.5313 791.5313 791.5313 791.5313 791.5313 791.5313 791.5313 791.5313 791.5313 791.5313 791.5313 791.5313 791.5313 782.6563 782.6563 
1274.922 1274.922 1274.922 1274.922 1274.922 1274.922 1274.922 1274.922 1274.922 1274.922 1274.922 1274.922 1274.922 1274.922 1237.875 1237.875 1237.875 1237.875 1237.875 1237.875 1237.875 1237.875 1237.875 1237.875 1237.875 1237.875 1237.875 1091.359 1091.359 1091.359 1091.359 1091.359 1091.359 1091.359 1091.359 1091.359 1091.359 1091.359 1091.359 1091.359 1091.359 971.6406 971.6406 971.6406 971.6406 971.6406 971.6406 971.6406 971.6406 971.6406 971.6406 971.6406 971.6406 971.6406 891.375 891.375 891.375 891.375 891.375 891.375 891.375 891.375 891.375 891.375 891.375 891.375 891.375 791.5313 791.5313 791.5313 791.5313 791.5313 791.5313 791.5313 791.5313 791.5313 791.5313 791.5313 791.5313 791.5313 791.5313 782.6563 782.6563 
1274.922 1274.922 1274.922 1274.922 1274.922 1274.922 1274.922 1274.922 1274.922 1274.922 1274.922 1274.922 1274.922 1274.922 1237.875 1237.875 1237.875 1237.875 1237.875 1237.875 1237.875 1237.875 1237.875 1237.875 1237.875 1237.875 1237.875 1091.359 1091.359 1091.359 1091.359 1091.359 1091.359 1091.359 1091.359 1091.359 1091.359 1091.359 1091.359 1091.359 1091.359 971.6406 971.6406 971.6406 971.6406 971.6406 971.6406 971.6406 971.6406 971.6406 971.6406 971.6406 971.6406 971.6406 891.375 891.375 891.375 891.375 891.375 891.375 891.375 891.375 891.375 891.375 891.375 891.375 891.375 791.5313 791.5313 791.5313 791.5313 791.5313 791.5313 791.5313 791.5313 791.5313 791.5313 791.5313 791.5313 791.5313 791.5313 782.6563 782.6563 
1274.922 1274.922 1274.922 1274.922 1274.922 1274.922 1274.922 1274.922 1274.922 1274.922 1274.922 1274.922 1274.922 1274.922 1237.875 1237.875 1237.875 1237.875 1237.875 1237.875 1237.875 1237.875 1237.875 1237.875 1237.875 1237.875 1237.875 1091.359 1091.359 1091.359 1091.359 1091.359 1091.359 1091.359 1091.359 1091.359 1091.359 1091.359 1091.359 1091.359 1091.359 971.6406 971.6406 971.6406 971.6406 971.6406 971.6406 971.6406 971.6406 971.6406 971.6406 971.6406 971.6406 971.6406 891.375 891.375 891.375 891.375 891.375 891.375 891.375 891.375 891.375 891.375 891.375 891.375 891.375 791.5313 791.5313 791.5313 791.5313 791.5313 791.5313 791.5313 791.5313 791.5313 791.5313 791.5313 791.5313 791.5313 791.5313 782.6563 782.6563 
1274.922 1274.922 1274.922 1274.922 1274.922 1274.922 1274.922 1274.922 1274.922 1274.922 1274.922 1274.922 1274.922 1274.922 1237.875 1237.875 1237.875 1237.875 1237.875 1237.875 1237.875 1237.875 1237.875 1237.875 1237.875 1237.875 1237.875 1091.359 1091.359 1091.359 1091.359 1091.359 1091.359 1091.359 1091.359 1091.359 1091.359 1091.359 1091.359 1091.359 1091.359 971.6406 971.6406 971.6406 971.6406 971.6406 971.6406 971.6406 971.6406 971.6406 971.6406 971.6406 971.6406 971.6406 891.375 891.375 891.375 891.375 891.375 891.375 891.375 891.375 891.375 891.375 891.375 891.375 891.375 791.5313 791.5313 791.5313 791.5313 791.5313 791.5313 791.5313 791.5313 791.5313 791.5313 791.5313 791.5313 791.5313 791.5313 782.6563 782.6563 
1274.922 1274.922 1274.922 1274.922 1274.922 1274.922 1274.922 1274.922 1274.922 1274.922 1274.922 1274.922 1274.922 1274.922 1237.875 1237.875 1237.875 1237.875 1237.875 1237.875 1237.875 1237.875 1237.875 1237.875 1237.875 1237.875 1237.875 1091.359 1091.359 1091.359 1091.359 1091.359 1091.359 1091.359 1091.359 1091.359 1091.359 1091.359 1091.359 1091.359 1091.359 971.6406 971.6406 971.6406 971.6406 971.6406 971.6406 971.6406 971.6406 971.6406 971.6406 971.6406 971.6406 971.6406 891.375 891.375 891.375 891.375 891.375 891.375 891.375 891.375 891.375 891.375 891.375 891.375 891.375 791.5313 791.5313 791.5313 791.5313 791.5313 791.5313 791.5313 791.5313 791.5313 791.5313 791.5313 791.5313 791.5313 791.5313 782.6563 782.6563 
1274.922 1274.922 1274.922 1274.922 1274.922 1274.922 1274.922 1274.922 1274.922 1274.922 1274.922 1274.922 1274.922 1274.922 1237.875 1237.875 1237.875 1237.875 1237.875 1237.875 1237.875 1237.875 1237.875 1237.875 1237.875 1237.875 1237.875 1091.359 1091.359 1091.359 1091.359 1091.359 1091.359 1091.359 1091.359 1091.359 1091.359 1091.359 1091.359 1091.359 1091.359 971.6406 971.6406 971.6406 971.6406 971.6406 971.6406 971.6406 971.6406 971.6406 971.6406 971.6406 971.6406 971.6406 891.375 891.375 891.375 891.375 891.375 891.375 891.375 891.375 891.375 891.375 891.375 891.375 891.375 791.5313 791.5313 791.5313 791.5313 791.5313 791.5313 791.5313 791.5313 791.5313 791.5313 791.5313 791.5313 791.5313 791.5313 782.6563 782.6563 
1274.922 1274.922 1274.922 1274.922 1274.922 1274.922 1274.922 1274.922 1274.922 1274.922 1274.922 1274.922 1274.922 1274.922 1237.875 1237.875 1237.875 1237.875 1237.875 1237.875 1237.875 1237.875 1237.875 1237.875 1237.875 1237.875 1237.875 1091.359 1091.359 1091.359 1091.359 1091.359 1091.359 1091.359 1091.359 1091.359 1091.359 1091.359 1091.359 1091.359 1091.359 971.6406 971.6406 971.6406 971.6406 971.6406 971.6406 971.6406 971.6406 971.6406 971.6406 971.6406 971.6406 971.6406 891.375 891.375 891.375 891.375 891.375 891.375 891.375 891.375 891.375 891.375 891.375 891.375 891.375 791.5313 791.5313 791.5313 791.5313 791.5313 791.5313 791.5313 791.5313 791.5313 791.5313 791.5313 791.5313 791.5313 791.5313 782.6563 782.6563 
1274.922 1274.922 1274.922 1274.922 1274.922 1274.922 1274.922 1274.922 1274.922 1274.922 1274.922 1274.922 1274.922 1274.922 1237.875 1237.875 1237.875 1237.875 1237.875 1237.875 1237.875 1237.875 1237.875 1237.875 1237.875 1237.875 1237.875 1091.359 1091.359 1091.359 1091.359 1091.359 1091.359 1091.359 1091.359 1091.359 1091.359 1091.359 1091.359 1091.359 1091.359 971.6406 971.6406 971.6406 971.6406 971.6406 971.6406 971.6406 971.6406 971.6406 971.6406 971.6406 971.6406 971.6406 891.375 891.375 891.375 891.375 891.375 891.375 891.375 891.375 891.375 891.375 891.375 891.375 891.375 791.5313 791.5313 791.5313 791.5313 791.5313 791.5313 791.5313 791.5313 791.5313 791.5313 791.5313 791.5313 791.5313 791.5313 782.6563 782.6563 
1350.734 1350.734 1350.734 1350.734 1350.734 1350.734 1350.734 1350.734 1350.734 1350.734 1350.734 1350.734 1350.734 1350.734 1200.266 1200.266 1200.266 1200.266 1200.266 1200.266 1200.266 1200.266 1200.266 1200.266 1200.266 1200.266 1200.266 1103.438 1103.438 1103.438 1103.438 1103.438 1103.438 1103.438 1103.438 1103.438 1103.438 1103.438 1103.438 1103.438 1103.438 1001.734 1001.734 1001.734 1001.734 1001.734 1001.734 1001.734 1001.734 1001.734 1001.734 1001.734 1001.734 1001.734 957.1875 957.1875 957.1875 957.1875 957.1875 957.1875 957.1875 957.1875 957.1875 957.1875 957.1875 957.1875 957.1875 813.9844 813.9844 813.9844 813.9844 813.9844 813.9844 813.9844 813.9844 813.9844 813.9844 813.9844 813.9844 813.9844 813.9844 805.2656 805.2656 
